 --------------------------------------  -------  --------------------  ---------------------  ---------------  -------------  -------------  -------------  -------------  ----------------  -------------  -----------  -------------  -------------
 :#3:decode:c_fc:alloc+zeros             PushPop                37,696                620,441               20        1,884.8        1,904.0          1,440          1,984             107.3             20          1.0            3.0            0.0
 :#3:decode:c_fc:Custom GEMM             PushPop             1,328,772                116,511               20       66,438.6       66,272.0         66,080         68,640             550.5             20          1.0            3.0            0.0
 :#3:decode:c_fc:custom_qmatmul          PushPop             1,521,318              1,131,895               20       76,065.9       76,016.0         75,681         77,664             421.7             80          4.0            2.0            4.0
 :#3:decode:c_fc:FakeQuantColDir         PushPop                53,889                117,794               20        2,694.4        2,688.0          2,656          2,848              36.8             20          1.0            3.0            0.0
 :#3:decode:c_fc                         PushPop             1,539,270              1,190,804                1    1,539,270.0    1,539,270.0      1,539,270      1,539,270               0.0             80         80.0            1.0           20.0
 :#3:decode:c_fc:TensorAbsMax            PushPop                44,353                122,058               20        2,217.7        2,208.0          1,952          2,304              69.7             20          1.0            3.0            0.0
 :#3:prefill:c_fc:alloc+zeros            PushPop                38,528                544,471               20        1,926.4        1,936.0          1,792          1,984              41.0             20          1.0            3.0            0.0
 :#3:prefill:c_fc:Custom GEMM            PushPop            36,482,084                138,426               20    1,824,104.2    1,854,615.0      1,476,902      2,290,505         228,114.1             20          1.0            3.0            0.0
 :#3:prefill:c_fc:custom_qmatmul         PushPop            38,460,137              1,076,403               20    1,923,006.9    1,953,319.0      1,575,974      2,389,673         228,019.3             80          4.0            2.0            4.0
 :#3:prefill:c_fc:FakeQuantColDir        PushPop             1,310,338                107,936               20       65,516.9       65,520.0         65,344         65,665              94.9             20          1.0            3.0            0.0
 :#3:prefill:c_fc                        PushPop            38,479,337              1,131,762                1   38,479,337.0   38,479,337.0     38,479,337     38,479,337               0.0             80         80.0            1.0           20.0
 :#3:prefill:c_fc:TensorAbsMax           PushPop               573,410                114,705               20       28,670.5       28,576.0         28,448         29,760             293.2             20          1.0            3.0            0.0
 :#4:decode:c_fc:alloc+zeros             PushPop                28,224                376,524               20        1,411.2        1,376.0          1,344          1,824             131.7             20          1.0            3.0            0.0
 :#4:decode:c_fc:cuBLAS GEMM             PushPop               326,049                405,673               20       16,302.5       16,224.0         15,936         16,800             230.5             20          1.0            3.0            0.0
 :#4:decode:c_fc:FakeQuantColDir         PushPop                53,984                 87,058               20        2,699.2        2,688.0          2,656          2,816              52.2             20          1.0            3.0            0.0
 :#4:decode:c_fc                         PushPop             1,060,547              1,118,335                1    1,060,547.0    1,060,547.0      1,060,547      1,060,547               0.0             80         80.0            1.0           20.0
 :#4:decode:c_fc:qmatmul                 PushPop               502,561              1,073,028               20       25,128.0       25,072.0         24,672         25,984             375.8             80          4.0            2.0            4.0
 :#4:decode:c_fc:TensorAbsMax            PushPop                35,936                 91,991               20        1,796.8        1,728.0          1,728          2,336             179.0             20          1.0            3.0            0.0
 :#4:prefill:c_fc:alloc+zeros            PushPop                38,208                697,203               20        1,910.4        1,888.0          1,792          2,016              46.5             20          1.0            3.0            0.0
 :#4:prefill:c_fc:cuBLAS GEMM            PushPop            10,216,809              1,004,434               20      510,840.5      433,394.0        432,386        925,539         164,277.3             20          1.0            3.0            0.0
 :#4:prefill:c_fc:FakeQuantColDir        PushPop             1,780,900                173,783               20       89,045.0       65,536.5         65,376        535,330         105,044.6             20          1.0            3.0            0.0
 :#4:prefill:c_fc                        PushPop            13,126,894              2,416,959                1   13,126,894.0   13,126,894.0     13,126,894     13,126,894               0.0             80         80.0            1.0           20.0
 :#4:prefill:c_fc:qmatmul                PushPop            13,108,430              2,334,597               20      655,421.5      534,050.0        532,866      1,025,827         195,757.2             80          4.0            2.0            4.0
 :#4:prefill:c_fc:TensorAbsMax           PushPop               604,704                193,053               20       30,235.2       30,304.0         29,280         30,464             252.7             20          1.0            3.0            0.0
                 Range                    Style   Total Proj Time (ns)  Total Range Time (ns)  Range Instances  Proj Avg (ns)  Proj Med (ns)  Proj Min (ns)  Proj Max (ns)  Proj StdDev (ns)  Total GPU Ops  Avg GPU Ops  Avg Range Lvl  Avg Num Child
