Generating SQLite file report.sqlite from report.nsys-rep
Processing [report.sqlite] with [/usr/local/cuda-12.8/nsight-systems-2024.6.2/host-linux-x64/reports/nvtx_gpu_proj_sum.py]... 

 ** NVTX GPU Projection Summary (nvtx_gpu_proj_sum):

                 Range                    Style   Total Proj Time (ns)  Total Range Time (ns)  Range Instances  Proj Avg (ns)  Proj Med (ns)  Proj Min (ns)  Proj Max (ns)  Proj StdDev (ns)  Total GPU Ops  Avg GPU Ops  Avg Range Lvl  Avg Num Child
 --------------------------------------  -------  --------------------  ---------------------  ---------------  -------------  -------------  -------------  -------------  ----------------  -------------  -----------  -------------  -------------
 :prefill                                PushPop           183,459,854            183,733,975                1  183,459,854.0  183,459,854.0    183,459,854    183,459,854               0.0            684        684.0            0.0           12.0
 :warmup                                 PushPop            95,444,724            286,039,064                1   95,444,724.0   95,444,724.0     95,444,724     95,444,724               0.0             96         96.0            0.0           21.0
 :warmup:#4:qmatmul                      PushPop            60,473,974             58,641,838               10    6,047,397.4      268,432.5        266,785     58,058,319      18,274,775.1             50          5.0            1.0            4.0
 :#3:prefill:mlp.c_proj                  PushPop            48,354,476                869,856                1   48,354,476.0   48,354,476.0     48,354,476     48,354,476               0.0             80         80.0            1.0           20.0
 :#3:prefill:mlp.c_proj:custom_qmatmul   PushPop            48,335,628                829,612               20    2,416,781.4    2,414,377.0      1,984,327      2,777,546         146,324.0             80          4.0            2.0            4.0
 :#3:prefill:c_fc                        PushPop            38,479,337              1,131,762                1   38,479,337.0   38,479,337.0     38,479,337     38,479,337               0.0             80         80.0            1.0           20.0
 :#3:prefill:c_fc:custom_qmatmul         PushPop            38,460,137              1,076,403               20    1,923,006.9    1,953,319.0      1,575,974      2,389,673         228,019.3             80          4.0            2.0            4.0
 :#3:prefill:mlp.c_proj:Custom GEMM      PushPop            37,435,911                 93,437               20    1,871,795.6    1,999,591.0      1,623,110      2,160,200         235,041.4             20          1.0            3.0            0.0
 :#3:prefill:c_fc:Custom GEMM            PushPop            36,482,084                138,426               20    1,824,104.2    1,854,615.0      1,476,902      2,290,505         228,114.1             20          1.0            3.0            0.0
 :decode                                 PushPop            34,228,858             34,416,893                1   34,228,858.0   34,228,858.0     34,228,858     34,228,858               0.0            684        684.0            0.0           12.0
 :#3:prefill:c_attn                      PushPop            29,627,177              2,010,243                1   29,627,177.0   29,627,177.0     29,627,177     29,627,177               0.0             80         80.0            1.0           20.0
 :#3:prefill:c_attn:custom_qmatmul       PushPop            29,607,241              1,902,809               20    1,480,362.1    1,555,973.5      1,221,157      2,031,687         242,348.0             80          4.0            2.0            4.0
 :#3:prefill:c_attn:Custom GEMM          PushPop            27,625,953                203,385               20    1,381,297.6    1,456,965.0      1,121,988      1,932,775         242,568.8             20          1.0            3.0            0.0
 :#4:prefill:mlp.c_proj                  PushPop            19,337,573              1,457,125                1   19,337,573.0   19,337,573.0     19,337,573     19,337,573               0.0             80         80.0            1.0           20.0
 :#4:prefill:mlp.c_proj:qmatmul          PushPop            19,112,484              1,407,226               20      955,624.2      818,754.5        817,603      1,551,589         226,947.6             80          4.0            2.0            4.0
 :#4:prefill:c_fc                        PushPop            13,126,894              2,416,959                1   13,126,894.0   13,126,894.0     13,126,894     13,126,894               0.0             80         80.0            1.0           20.0
 :#4:prefill:c_fc:qmatmul                PushPop            13,108,430              2,334,597               20      655,421.5      534,050.0        532,866      1,025,827         195,757.2             80          4.0            2.0            4.0
 :#3:prefill:c_proj                      PushPop            11,748,106              2,452,886                1   11,748,106.0   11,748,106.0     11,748,106     11,748,106               0.0             80         80.0            1.0           20.0
 :#3:prefill:c_proj:custom_qmatmul       PushPop            11,730,665              2,338,287               20      586,533.3      508,785.5        507,778        981,572         162,738.0             80          4.0            2.0            4.0
 :#4:prefill:c_attn                      PushPop            11,633,642              4,209,167                1   11,633,642.0   11,633,642.0     11,633,642     11,633,642               0.0             80         80.0            1.0           20.0
 :#4:prefill:c_attn:qmatmul              PushPop            11,335,657              4,014,559               20      566,782.8      446,385.5        444,833      1,114,980         228,794.1             80          4.0            2.0            4.0
 :#4:prefill:mlp.c_proj:cuBLAS GEMM      PushPop            11,232,807                436,537               20      561,640.3      458,482.0        457,345      1,191,748         219,688.0             20          1.0            3.0            0.0
 :#4:prefill:c_fc:cuBLAS GEMM            PushPop            10,216,809              1,004,434               20      510,840.5      433,394.0        432,386        925,539         164,277.3             20          1.0            3.0            0.0
 :#4:decode:c_proj                       PushPop             9,414,625              9,475,358                1    9,414,625.0    9,414,625.0      9,414,625      9,414,625               0.0            100        100.0            1.0           20.0
 :#4:decode:c_proj:qmatmul               PushPop             9,396,353              9,416,780               20      469,817.7       17,600.0         17,376      8,283,165       1,843,901.4            100          5.0            2.0            4.0
 :#3:prefill:mlp.c_proj:FakeQuantColDir  PushPop             8,746,910                 91,838               20      437,345.5      251,697.0        251,521      1,046,051         250,822.4             20          1.0            3.0            0.0
 :#4:decode:c_proj:cuBLAS GEMM           PushPop             8,443,677              8,703,613               20      422,183.8        8,896.0          8,672      8,274,013       1,848,128.8             40          2.0            3.0            0.0
 :#3:prefill:c_proj:Custom GEMM          PushPop             8,177,791                234,911               20      408,889.5      408,881.5        408,097        409,922             474.0             20          1.0            3.0            0.0
 :#4:decode:c_attn                       PushPop             8,017,597              8,600,585                1    8,017,597.0    8,017,597.0      8,017,597      8,017,597               0.0             80         80.0            1.0           20.0
 :#4:prefill:c_attn:cuBLAS GEMM          PushPop             8,013,756              1,508,030               20      400,687.8      346,017.0        344,865        815,331         136,841.3             20          1.0            3.0            0.0
 :#4:decode:c_attn:qmatmul               PushPop             7,658,940              8,538,388               20      382,947.0       21,568.0         21,376      7,038,585       1,567,267.2             80          4.0            2.0            4.0
 :#4:prefill:c_proj                      PushPop             6,563,575              3,331,748                1    6,563,575.0    6,563,575.0      6,563,575      6,563,575               0.0            100        100.0            1.0           20.0
 :#4:prefill:c_proj:qmatmul              PushPop             6,545,271              3,150,437               20      327,263.5      268,417.0        267,137        773,314         147,309.1            100          5.0            2.0            4.0
 :#3:decode:mlp.c_proj                   PushPop             6,261,014                855,240                1    6,261,014.0    6,261,014.0      6,261,014      6,261,014               0.0             80         80.0            1.0           20.0
 :#3:decode:mlp.c_proj:custom_qmatmul    PushPop             6,242,166                813,794               20      312,108.3      265,105.0        264,705        951,235         159,995.7             80          4.0            2.0            4.0
 :#3:decode:mlp.c_proj:Custom GEMM       PushPop             6,046,037                 85,989               20      302,301.8      255,297.0        254,913        941,475         160,007.7             20          1.0            3.0            0.0
 :warmup:#3:custom_qmatmul               PushPop             5,928,598                589,608               10      592,859.8      509,938.0        509,089        957,635         174,686.5             40          4.0            1.0            4.0
 :#4:prefill:mlp.c_proj:FakeQuantColDir  PushPop             5,031,378                 91,226               20      251,568.9      251,569.0        251,424        251,777             105.2             20          1.0            3.0            0.0
 :warmup:#3:Custom GEMM                  PushPop             4,471,278                 87,575               10      447,127.8      409,265.0        408,705        787,715         119,671.4             10          1.0            2.0            0.0
 :#4:prefill:c_proj:cuBLAS GEMM          PushPop             3,850,609              1,068,341               20      192,530.5      167,281.0        165,953        671,938         112,843.4             40          2.0            3.0            0.0
 :quantize_weight                        PushPop             3,605,004             10,908,265                9      400,556.0       74,208.0         21,536      3,145,740       1,029,672.3             27          3.0            1.0            3.0
 :#4:prefill:mlp.c_proj:TensorAbsMax     PushPop             2,746,283                105,412               20      137,314.1      103,744.5        103,552        441,090         103,044.8             20          1.0            3.0            0.0
 :#3:prefill:c_proj:FakeQuantColDir      PushPop             2,125,288                250,940               20      106,264.4       65,552.0         65,408        537,538         127,019.0             20          1.0            3.0            0.0
 :#3:prefill:mlp.c_proj:TensorAbsMax     PushPop             2,056,805                 95,828               20      102,840.3      102,800.0        102,496        104,832             498.1             20          1.0            3.0            0.0
 :#4:prefill:c_fc:FakeQuantColDir        PushPop             1,780,900                173,783               20       89,045.0       65,536.5         65,376        535,330         105,044.6             20          1.0            3.0            0.0
 :warmup:#4:cuBLAS GEMM                  PushPop             1,678,084             58,076,525               10      167,808.4      167,648.0        166,656        168,961             752.1             20          2.0            2.0            0.0
 :#4:prefill:c_proj:FakeQuantColDir      PushPop             1,673,861                211,697               20       83,693.1       65,568.0         65,472        428,129          81,071.8             20          1.0            3.0            0.0
 :#3:decode:c_fc                         PushPop             1,539,270              1,190,804                1    1,539,270.0    1,539,270.0      1,539,270      1,539,270               0.0             80         80.0            1.0           20.0
 :#3:decode:c_attn                       PushPop             1,527,494                885,222                1    1,527,494.0    1,527,494.0      1,527,494      1,527,494               0.0             80         80.0            1.0           20.0
 :#3:decode:c_fc:custom_qmatmul          PushPop             1,521,318              1,131,895               20       76,065.9       76,016.0         75,681         77,664             421.7             80          4.0            2.0            4.0
 :#3:decode:c_attn:custom_qmatmul        PushPop             1,509,190                841,563               20       75,459.5       75,392.5         75,072         76,801             375.0             80          4.0            2.0            4.0
 :#4:decode:mlp.c_proj                   PushPop             1,419,525              1,294,287                1    1,419,525.0    1,419,525.0      1,419,525      1,419,525               0.0             80         80.0            1.0           20.0
 :#3:prefill:c_proj:TensorAbsMax         PushPop             1,333,314                291,700               20       66,665.7       29,504.0         29,344        460,257         115,997.5             20          1.0            3.0            0.0
 :#3:decode:c_fc:Custom GEMM             PushPop             1,328,772                116,511               20       66,438.6       66,272.0         66,080         68,640             550.5             20          1.0            3.0            0.0
 :#3:decode:c_attn:Custom GEMM           PushPop             1,318,022                 92,888               20       65,901.1       65,696.5         65,408         67,713             561.7             20          1.0            3.0            0.0
 :#4:prefill:c_attn:FakeQuantColDir      PushPop             1,312,867                223,668               20       65,643.4       65,648.5         65,504         65,761              72.3             20          1.0            3.0            0.0
 :#3:prefill:c_attn:FakeQuantColDir      PushPop             1,311,939                184,015               20       65,596.9       65,616.0         65,440         65,761              91.2             20          1.0            3.0            0.0
 :#3:prefill:c_fc:FakeQuantColDir        PushPop             1,310,338                107,936               20       65,516.9       65,520.0         65,344         65,665              94.9             20          1.0            3.0            0.0
 :#3:decode:c_proj                       PushPop             1,307,140                870,993                1    1,307,140.0    1,307,140.0      1,307,140      1,307,140               0.0             80         80.0            1.0           20.0
 :#3:decode:c_proj:custom_qmatmul        PushPop             1,289,508                825,080               20       64,475.4       63,936.0         63,776         75,040           2,487.5             80          4.0            2.0            4.0
 :#3:decode:c_proj:Custom GEMM           PushPop             1,114,308                 93,358               20       55,715.4       55,232.0         55,168         65,152           2,221.5             20          1.0            3.0            0.0
 :#4:decode:c_fc                         PushPop             1,060,547              1,118,335                1    1,060,547.0    1,060,547.0      1,060,547      1,060,547               0.0             80         80.0            1.0           20.0
 :warmup:#3:TensorAbsMax                 PushPop               748,325                 76,003               10       74,832.5       30,080.5         29,857        477,890         141,620.0             10          1.0            2.0            0.0
 :#4:decode:mlp.c_proj:qmatmul           PushPop               732,451              1,248,330               20       36,622.6       25,776.5         23,745        241,025          48,131.2             80          4.0            2.0            4.0
 :warmup:#3:FakeQuantColDir              PushPop               657,347                 62,696               10       65,734.7       65,728.0         65,600         66,016             111.7             10          1.0            2.0            0.0
 :warmup:#4:FakeQuantColDir              PushPop               657,154                 86,183               10       65,715.4       65,680.0         65,600         65,857              89.6             10          1.0            2.0            0.0
 :#4:prefill:c_fc:TensorAbsMax           PushPop               604,704                193,053               20       30,235.2       30,304.0         29,280         30,464             252.7             20          1.0            3.0            0.0
 :#4:prefill:c_proj:TensorAbsMax         PushPop               599,168                223,754               20       29,958.4       30,000.0         28,768         30,304             294.1             20          1.0            3.0            0.0
 :#4:prefill:c_attn:TensorAbsMax         PushPop               597,508                278,364               20       29,875.4       29,968.5         28,801         30,176             365.2             20          1.0            3.0            0.0
 :#3:prefill:c_attn:TensorAbsMax         PushPop               574,724                207,194               20       28,736.2       28,640.0         28,481         29,984             347.4             20          1.0            3.0            0.0
 :#3:prefill:c_fc:TensorAbsMax           PushPop               573,410                114,705               20       28,670.5       28,576.0         28,448         29,760             293.2             20          1.0            3.0            0.0
 :#4:decode:c_fc:qmatmul                 PushPop               502,561              1,073,028               20       25,128.0       25,072.0         24,672         25,984             375.8             80          4.0            2.0            4.0
 :#4:decode:mlp.c_proj:cuBLAS GEMM       PushPop               333,474                579,002               20       16,673.7       16,960.0         14,848         17,377             788.6             20          1.0            3.0            0.0
 :#4:decode:c_fc:cuBLAS GEMM             PushPop               326,049                405,673               20       16,302.5       16,224.0         15,936         16,800             230.5             20          1.0            3.0            0.0
 :FakeQuantRowDir                        PushPop               298,016                156,748                9       33,112.9       36,160.0         12,672         47,264          15,819.4              9          1.0            2.0            0.0
 :warmup:#4:TensorAbsMax                 PushPop               293,282                 57,652               10       29,328.2       29,360.0         28,768         29,696             237.3             10          1.0            2.0            0.0
 :#4:decode:c_attn:cuBLAS GEMM           PushPop               258,817              7,780,804               20       12,940.9       12,848.0         12,672         13,504             212.9             20          1.0            3.0            0.0
 :TensorAbsMax                           PushPop               152,000              3,252,166                9       16,888.9       19,040.0          5,536         24,032           8,353.6              9          1.0            2.0            0.0
 :#4:decode:mlp.c_proj:FakeQuantColDir   PushPop                55,104                 88,981               20        2,755.2        2,720.0          2,720          2,880              59.6             20          1.0            3.0            0.0
 :#3:decode:mlp.c_proj:FakeQuantColDir   PushPop                54,880                 83,885               20        2,744.0        2,720.0          2,688          2,880              55.8             20          1.0            3.0            0.0
 :#4:decode:c_attn:FakeQuantColDir       PushPop                54,208                118,877               20        2,710.4        2,688.0          2,656          2,848              59.7             20          1.0            3.0            0.0
 :#4:decode:c_fc:FakeQuantColDir         PushPop                53,984                 87,058               20        2,699.2        2,688.0          2,656          2,816              52.2             20          1.0            3.0            0.0
 :#4:decode:c_proj:FakeQuantColDir       PushPop                53,984                 97,879               20        2,699.2        2,672.0          2,656          2,848              65.9             20          1.0            3.0            0.0
 :#3:decode:c_fc:FakeQuantColDir         PushPop                53,889                117,794               20        2,694.4        2,688.0          2,656          2,848              36.8             20          1.0            3.0            0.0
 :#3:decode:c_attn:FakeQuantColDir       PushPop                53,760                 90,940               20        2,688.0        2,688.0          2,656          2,816              32.8             20          1.0            3.0            0.0
 :#3:decode:c_proj:FakeQuantColDir       PushPop                53,568                 90,590               20        2,678.4        2,672.0          2,656          2,816              36.1             20          1.0            3.0            0.0
 :#3:decode:mlp.c_proj:TensorAbsMax      PushPop                46,561                 95,862               20        2,328.1        2,336.0          2,080          2,400              66.3             20          1.0            3.0            0.0
 :#3:decode:c_fc:TensorAbsMax            PushPop                44,353                122,058               20        2,217.7        2,208.0          1,952          2,304              69.7             20          1.0            3.0            0.0
 :#3:decode:c_attn:TensorAbsMax          PushPop                43,904                 93,722               20        2,195.2        2,208.0          1,920          2,304              96.5             20          1.0            3.0            0.0
 :#4:decode:mlp.c_proj:TensorAbsMax      PushPop                39,456                 93,850               20        1,972.8        1,888.0          1,856          2,432             190.1             20          1.0            3.0            0.0
 :#3:prefill:mlp.c_proj:alloc+zeros      PushPop                39,040                443,127               20        1,952.0        1,952.0          1,792          2,048              49.8             20          1.0            3.0            0.0
 :#3:prefill:c_attn:alloc+zeros          PushPop                38,593              1,027,559               20        1,929.7        1,920.0          1,824          1,984              38.9             20          1.0            3.0            0.0
 :#3:prefill:c_fc:alloc+zeros            PushPop                38,528                544,471               20        1,926.4        1,936.0          1,792          1,984              41.0             20          1.0            3.0            0.0
 :#4:prefill:mlp.c_proj:alloc+zeros      PushPop                38,464                650,752               20        1,923.2        1,936.0          1,760          1,984              47.5             20          1.0            3.0            0.0
 :#3:prefill:c_proj:alloc+zeros          PushPop                38,240              1,208,058               20        1,912.0        1,920.0          1,792          1,984              38.7             20          1.0            3.0            0.0
 :#4:prefill:c_fc:alloc+zeros            PushPop                38,208                697,203               20        1,910.4        1,888.0          1,792          2,016              46.5             20          1.0            3.0            0.0
 :#4:prefill:c_proj:alloc+zeros          PushPop                38,112              1,144,810               20        1,905.6        1,920.0          1,792          1,952              36.7             20          1.0            3.0            0.0
 :#3:decode:mlp.c_proj:alloc+zeros       PushPop                38,080                445,441               20        1,904.0        1,920.0          1,440          1,984             111.6             20          1.0            3.0            0.0
 :#4:prefill:c_attn:alloc+zeros          PushPop                38,016              1,614,450               20        1,900.8        1,920.0          1,760          1,952              49.1             20          1.0            3.0            0.0
 :#3:decode:c_fc:alloc+zeros             PushPop                37,696                620,441               20        1,884.8        1,904.0          1,440          1,984             107.3             20          1.0            3.0            0.0
 :#3:decode:c_attn:alloc+zeros           PushPop                36,992                455,039               20        1,849.6        1,888.0          1,344          1,952             158.3             20          1.0            3.0            0.0
 :#4:decode:c_attn:TensorAbsMax          PushPop                36,128                102,384               20        1,806.4        1,728.0          1,728          2,368             190.2             20          1.0            3.0            0.0
 :#4:decode:c_fc:TensorAbsMax            PushPop                35,936                 91,991               20        1,796.8        1,728.0          1,728          2,336             179.0             20          1.0            3.0            0.0
 :#4:decode:c_proj:TensorAbsMax          PushPop                35,233                 98,503               20        1,761.7        1,728.0          1,696          2,016              97.6             20          1.0            3.0            0.0
 :#3:decode:c_proj:TensorAbsMax          PushPop                35,040                 95,268               20        1,752.0        1,728.0          1,696          2,336             138.1             20          1.0            3.0            0.0
 :#4:decode:mlp.c_proj:alloc+zeros       PushPop                28,833                374,679               20        1,441.7        1,376.0          1,376          1,824             151.7             20          1.0            3.0            0.0
 :#4:decode:c_attn:alloc+zeros           PushPop                28,768                402,718               20        1,438.4        1,376.0          1,344          1,792             153.1             20          1.0            3.0            0.0
 :#4:decode:c_fc:alloc+zeros             PushPop                28,224                376,524               20        1,411.2        1,376.0          1,344          1,824             131.7             20          1.0            3.0            0.0
 :#4:decode:c_proj:alloc+zeros           PushPop                28,097                395,321               20        1,404.8        1,376.0          1,344          1,696              92.8             20          1.0            3.0            0.0
 :#3:decode:c_proj:alloc+zeros           PushPop                27,872                440,627               20        1,393.6        1,376.0          1,344          1,792              95.4             20          1.0            3.0            0.0
 :warmup:#4:alloc+zeros                  PushPop                19,392                232,096               10        1,939.2        1,952.0          1,824          1,984              48.2             10          1.0            2.0            0.0
 :warmup:#3:alloc+zeros                  PushPop                19,200                277,424               10        1,920.0        1,920.0          1,888          1,952              30.2             10          1.0            2.0            0.0
 :alloc+zeros                            PushPop                16,352              7,309,864                9        1,816.9        1,888.0          1,408          2,048             239.9              9          1.0            2.0            0.0

